[[ 25.00050105]
 [  0.99483372]
 [  1.99530396]
 [  2.99644566]
 [  3.9990544 ]
 [  5.00421607]
 [  5.99907967]
 [  6.99399509]
 [  7.99730061]
 [  9.00267121]
 [  9.99943712]
 [ 11.00016455]
 [ 12.00219099]
 [ 12.99358529]
 [ 13.997142  ]
 [ 15.00264806]
 [ 16.0039724 ]
 [ 17.00063594]
 [ 17.99912721]
 [ 18.99929364]
 [ 19.99877038]
 [ 20.99675437]
 [ 22.00036055]
 [ 22.99884567]
 [ 23.99612712]
 [ 25.00023845]
 [ 25.99934246]
 [ 26.99355092]
 [ 27.99893528]
 [ 28.99126772]
 [ 30.0024727 ]
 [ 30.99697044]
 [ 31.99885333]
 [ 33.00167522]
 [ 33.99984048]
 [ 35.00272719]
 [ 36.00359475]
 [ 36.99782819]
 [ 37.99779158]
 [ 38.99752319]
 [ 39.99988622]
 [ 40.99771237]
 [ 42.00688132]
 [ 43.0018146 ]
 [ 44.00520773]
 [ 45.00201306]
 [ 45.99777706]
 [ 46.99747868]
 [ 47.99915921]
 [ 49.00454139]
 [ 50.00142268]
 [ 51.00188105]
 [ 52.00036062]
 [ 52.99771562]
 [ 53.99827366]
 [ 54.99957642]
 [ 55.99694613]
 [ 56.99522935]
 [ 57.99759934]
 [ 59.00028244]
 [ 59.99630275]
 [ 61.00466085]
 [ 62.00226306]
 [ 63.00327673]
 [ 64.00407751]
 [ 64.99639585]
 [ 66.00009918]
 [ 67.00075953]
 [ 68.0012233 ]
 [ 69.00299648]
 [ 70.0057977 ]
 [ 70.99419355]
 [ 71.99275508]
 [ 72.99905521]
 [ 73.99779117]
 [ 74.99952081]
 [ 75.99850716]
 [ 77.00060507]
 [ 77.99353202]
 [ 78.99883778]
 [ 79.99949834]
 [ 80.99731113]
 [ 82.00060058]
 [ 83.00167755]
 [ 83.99609735]
 [ 85.00038152]
 [ 86.00614547]
 [ 86.99889852]
 [ 87.99478441]
 [ 89.00457706]
 [ 90.00037184]
 [ 90.99598663]
 [ 92.00197864]
 [ 92.99650303]
 [ 94.00401438]
 [ 95.00090425]
 [ 95.99775967]
 [ 96.9977825 ]
 [ 98.00166145]
 [ 99.00009418]
 [ 99.99983245]]
